\begin{table}[htpb]\caption{Thurstone Correlation matrix}
\begin{center}
\begin{scriptsize} 
\begin{tabular}
{
r
r
r
r
r
r
r
r
r
r
}

Sentences  & 
Vocabulary  & 
Sent.Completion  & 
First.Letters  & 
4.Letter.Words  & 
Suffixes  & 
Letter.Series  & 
Pedigrees  & 
Letter.Group \cr 

\cr 

  &  1.00  &  0.83  &  0.78  &  0.44  &  0.43  &  0.45  &  0.45  &  0.54  &  0.38 \cr 

  &  0.83  &  1.00  &  0.78  &  0.49  &  0.46  &  0.49  &  0.43  &  0.54  &  0.36 \cr 

  &  0.78  &  0.78  &  1.00  &  0.46  &  0.42  &  0.44  &  0.40  &  0.53  &  0.36 \cr 

  &  0.44  &  0.49  &  0.46  &  1.00  &  0.67  &  0.59  &  0.38  &  0.35  &  0.42 \cr 

  &  0.43  &  0.46  &  0.42  &  0.67  &  1.00  &  0.54  &  0.40  &  0.37  &  0.45 \cr 

  &  0.45  &  0.49  &  0.44  &  0.59  &  0.54  &  1.00  &  0.29  &  0.32  &  0.32 \cr 

  &  0.45  &  0.43  &  0.40  &  0.38  &  0.40  &  0.29  &  1.00  &  0.56  &  0.60 \cr 

  &  0.54  &  0.54  &  0.53  &  0.35  &  0.37  &  0.32  &  0.56  &  1.00  &  0.45 \cr 

  &  0.38  &  0.36  &  0.36  &  0.42  &  0.45  &  0.32  &  0.60  &  0.45  &  1.00 \cr 

 \hline 
\end{tabular}
\end{scriptsize}
\end{center}
\label{default}
\end{table} 


